20
21
22
23
25
53
67
68
69
80
81
82
83
84
85
88
110
111
135
137
138
139
143
161
162
389
443
445
465
500
512
513
514
515
520
523
548
623
626
636
873
902
993
995
1080
1099
1433
1434
1521
1701
1723
1883
2049
2181
2375
2379
2380
3128
3306
3307
3389
3690
4369
4440
4444
4445
4505
4506
5060
5222
5432
5555
5601
5672
5900
5901
5984
5985
5986
6000
6379
6380
6381
6382
7001
7002
7070
7077
7777
8000
8001
8002
8003
8004
8005
8006
8008
8009
8010
8080
8081
8082
8083
8084
8085
8086
8087
8088
8089
8090
8161
8443
8880
8888
9000
9001
9042
9090
9092
9200
9300
9418
11211
27017
27018
27019
50070 